{
  "features": [
    "duration",
    "protocol_type",
    "service",
    "flag",
    "src_bytes",
    "dst_bytes",
    "land",
    "wrong_fragment",
    "urgent",
    "hot",
    "num_failed_logins",
    "logged_in",
    "root_shell",
    "su_attempted",
    "num_file_creations",
    "num_outbound_cmds",
    "is_host_login",
    "is_guest_login",
    "count",
    "srv_count",
    "serror_rate",
    "srv_serror_rate",
    "rerror_rate",
    "srv_rerror_rate",
    "same_srv_rate",
    "diff_srv_rate",
    "srv_diff_host_rate",
    "dst_host_count",
    "dst_host_srv_count",
    "dst_host_same_srv_rate",
    "dst_host_diff_srv_rate",
    "dst_host_same_src_port_rate",
    "dst_host_srv_diff_host_rate",
    "dst_host_serror_rate",
    "dst_host_srv_serror_rate",
    "dst_host_rerror_rate",
    "dst_host_srv_rerror_rate",
    "src_bytes_log",
    "dst_bytes_log",
    "duration_log"
  ],
  "matrix": [
    [
      1.0,
      0.0393119009708829,
      0.09358856314410006,
      -0.06377960771864351,
      0.023108711873359642,
      0.04027005501419088,
      -0.0015663238199579588,
      -0.00981875494400418,
      0.004437433452064828,
      0.0007281778788056708,
      0.008274391352489655,
      -0.06568956639609747,
      0.050957358844305606,
      0.08552195827236796,
      0.08885144359391839,
      0,
      -0.0002906168598186908,
      0.0003853248545281062,
      -0.07989758873070643,
      -0.03982993100002252,
      -0.07063648310617494,
      -0.07022202554173183,
      0.20288421200798956,
      0.20196103688337816,
      0.07571033589682115,
      -0.014867202951121646,
      -0.04077094896013548,
      0.05180875528982701,
      -0.11107057129133252,
      -0.11742559734171483,
      0.2608096927176879,
      0.23385216490293687,
      -0.026722294230883625,
      -0.06577410611966314,
      -0.06512563637070018,
      0.17747729879816487,
      0.20180374823205802,
      -0.02857372443723618,
      -0.03072777203463431,
      0.7249118213291232
    ],
    [
      0.0393119009708829,
      1.0,
      0.029224306598313304,
      0.09328349701070304,
      -0.007992427626802646,
      -0.02064344688954185,
      -0.0017469879288269422,
      0.1667377872383742,
      -0.0010155930545480709,
      -0.011600880229475401,
      -0.0034384224284605743,
      -0.10019192962260362,
      -0.004490589757545698,
      -0.0029324860084406555,
      -0.003164650686606188,
      0,
      -0.00039060155021774514,
      -0.011901923579238544,
      -0.05860245358236803,
      0.035906369133785906,
      -0.07644476287535457,
      -0.07845499065747974,
      -0.046342134023406145,
      -0.046454592401807736,
      0.04625586458946495,
      0.013612156735206413,
      -0.23443700777279466,
      0.2358298759554873,
      0.10406349134004879,
      0.0012204719971689218,
      0.13234080582738456,
      -0.21154729449262719,
      -0.3575891909924895,
      -0.07911583286240978,
      -0.0775760271699995,
      -0.016028194857161407,
      -0.04667782371708133,
      0.004741845597978418,
      0.15697224280603497,
      0.14569161813259268
    ],
    [
      0.09358856314410006,
      0.029224306598313304,
      1.0,
      -0.30379393671380955,
      -0.04104712789468894,
      -0.0326923349426068,
      -0.011375559280696645,
      0.08315376062654638,
      0.011426881724672896,
      -0.06264119317030932,
      0.031476765785612947,
      -0.13843639976695765,
      0.03232976769305595,
      0.04167629039883183,
      0.0390679419556884,
      0,
      0.005551202491760896,
      -0.07136538894081126,
      0.098079403591311,
      -0.26089817181996683,
      0.2751927597469438,
      0.272547559665319,
      0.14764766322109632,
      0.1471110162412,
      -0.3684732786869867,
      0.2102941373587734,
      -0.09084728058619301,
      0.19371326627981433,
      -0.40643991253820677,
      -0.4522075107240367,
      0.28317684374434815,
      -0.11152454072583536,
      -0.15801258913109256,
      0.28085559138660865,
      0.276795544985247,
      0.15014830751404212,
      0.1486926403654985,
      -0.24570004260262954,
      -0.21167426311564147,
      0.14432662010102884
    ],
    [
      -0.06377960771864351,
      0.09328349701070304,
      -0.30379393671380955,
      1.0,
      0.04149865327942783,
      0.1247212570544181,
      -0.01035162381837366,
      0.06644162416331677,
      0.006161623954784784,
      0.06739458345764343,
      -0.006475649700343076,
      0.5894616432539161,
      0.022450758906808647,
      0.01229650892485512,
      0.015833835754131314,
      0,
      0.0023697876406505148,
      0.07003719098555954,
      -0.4706950357048964,
      0.19760961532465746,
      -0.45146381862166235,
      -0.44676425520991814,
      -0.7390215868289252,
      -0.7397071440437378,
      0.7181254471319549,
      -0.2953174032335787,
      0.2132221485272596,
      -0.31837240408873085,
      0.5839239719857008,
      0.6307635972813439,
      -0.28207226740984825,
      0.19511870201146203,
      0.07606147316364915,
      -0.44325833795446073,
      -0.44296791290745396,
      -0.683749721017432,
      -0.7187067991920513,
      0.7886860426101273,
      0.632753656556031,
      0.037713133071942975
    ],
    [
      0.023108711873359642,
      -0.007992427626802646,
      -0.04104712789468894,
      0.04149865327942783,
      1.0,
      0.05458949791986852,
      -0.0008733124430191295,
      -0.005368272721566169,
      -0.0004331302910846986,
      0.009438776782803469,
      -0.0016409418977089633,
      0.049621687229534465,
      -0.0014878274225409477,
      -0.0012697062216836103,
      -0.0003749818550124435,
      0,
      -0.00018985613741485553,
      -0.005139599182479801,
      -0.04376847055762518,
      -0.02081393928746781,
      -0.036385658084319664,
      -0.03599494656393506,
      -0.01904012911504173,
      -0.018361710297913617,
      0.0442301951992241,
      -0.00848360228869484,
      -0.009611921148048262,
      -0.042628852821041695,
      -0.02920120422716213,
      -0.008096583805234349,
      -0.000706506122109043,
      0.046068314991982426,
      0.0004729308340428342,
      -0.03740721926184564,
      -0.03735044286750913,
      -0.02021590949034535,
      -0.01933366339283663,
      0.22091545653059166,
      -0.028399026793395562,
      0.0883261731252961
    ],
    [
      0.04027005501419088,
      -0.02064344688954185,
      -0.0326923349426068,
      0.1247212570544181,
      0.05458949791986852,
      1.0,
      -0.0025840700313372066,
      -0.016197957218401046,
      0.08578917270360399,
      0.029180071423095783,
      0.04709378060215827,
      0.2100103583073931,
      0.25138876613256333,
      0.27344956640899104,
      0.07971384045231326,
      0,
      0.0020033223352734675,
      0.006742825041337881,
      -0.12516723969571858,
      -0.04893756596967168,
      -0.10015243727415961,
      -0.10093001009096277,
      -0.06070913162750327,
      -0.05876992388526951,
      0.13947110275132316,
      -0.05745263882962356,
      -0.003733628567544552,
      -0.11371123387073334,
      0.12926002995861385,
      0.13271368848299586,
      -0.05514431176661234,
      -0.03148471100778635,
      -0.000866271703944646,
      -0.10359147939916435,
      -0.10416825040699962,
      -0.06033706789019056,
      -0.05424944003685523,
      0.1670688704553124,
      0.3436687188447427,
      0.10249246535576972
    ],
    [
      -0.0015663238199579588,
      -0.0017469879288269422,
      -0.011375559280696645,
      -0.01035162381837366,
      -0.0008733124430191295,
      -0.0025840700313372066,
      1.0,
      -0.0012443006437854397,
      -0.00011539321547674216,
      -0.0013181095184190558,
      -0.0003906787452027808,
      -0.011383958242132165,
      -0.0005102275849462638,
      -0.0003331934856576945,
      -0.00035957238674773644,
      0,
      -4.438073758775168e-05,
      -0.0013523145181199593,
      -0.009762116729103444,
      -0.005025478579367943,
      0.021488855148095797,
      0.022584745840404794,
      -0.0038032494658750706,
      -0.005278240892749042,
      0.008218030060119856,
      -0.0006998915891549249,
      0.040790749365921024,
      -0.025548450489591198,
      -0.01412237415497512,
      0.01219761848202454,
      -0.004837717802348893,
      0.03471598555911685,
      0.07864292316156733,
      0.020567704158409483,
      0.013114044325636233,
      -0.00531708805907426,
      -0.0053036047716659325,
      -0.015266069945042149,
      -0.01224908589811926,
      -0.0031210180922551993
    ],
    [
      -0.00981875494400418,
      0.1667377872383742,
      0.08315376062654638,
      0.06644162416331677,
      -0.005368272721566169,
      -0.016197957218401046,
      -0.0012443006437854397,
      1.0,
      -0.0007233610895333323,
      -0.008262783331139759,
      -0.002449033087602603,
      -0.07136218887054405,
      -0.0031984443819495856,
      -0.002088677413269017,
      -0.002254037833761253,
      0,
      -0.0002782078527159118,
      -0.008477202920272004,
      -0.02124274935750156,
      0.02385247593540388,
      -0.043476726448770944,
      -0.05587994843721281,
      -0.03263736361228724,
      -0.03308750923721181,
      0.054773058831085984,
      -0.026469381099748848,
      -0.025389883194894772,
      0.039798633968504075,
      -0.04429942663490828,
      -0.04738684916751494,
      0.057609437008959756,
      0.037681514695889005,
      -0.015704431608267084,
      -0.05136699455728622,
      -0.055253902420929736,
      0.026874405266476668,
      -0.033246506826561724,
      0.012509003142598049,
      -0.07655898699388655,
      -0.01956460818202949
    ],
    [
      0.004437433452064828,
      -0.0010155930545480709,
      0.011426881724672896,
      0.006161623954784784,
      -0.0004331302910846986,
      0.08578917270360399,
      -0.00011539321547674216,
      -0.0007233610895333323,
      1.0,
      0.00043669484438417256,
      0.12553329443624203,
      0.007558872566995108,
      0.08680219200786003,
      0.11531251586341817,
      0.030791086325346422,
      0,
      -2.5800274922388332e-05,
      -0.0007861538190987926,
      -0.005958072511236426,
      -0.0030173303956170603,
      -0.00522630964249282,
      -0.005182161532302706,
      -0.0030670155726145866,
      -0.003068449817226543,
      0.006323270235288858,
      -0.0028626729293273066,
      -0.0030694589887552714,
      -0.006765604255867028,
      -0.008390839389503267,
      -0.005787667064654087,
      0.008125852296346922,
      0.0013888690877385363,
      0.0017272419672124876,
      -0.005019699795632342,
      -0.005124103647967383,
      -0.003171165872526956,
      -0.0030831948414132984,
      0.008354856065010435,
      0.01631486544423297,
      0.03197196793773377
    ],
    [
      0.0007281778788056708,
      -0.011600880229475401,
      -0.06264119317030932,
      0.06739458345764343,
      0.009438776782803469,
      0.029180071423095783,
      -0.0013181095184190558,
      -0.008262783331139759,
      0.00043669484438417256,
      1.0,
      0.0036694305686177132,
      0.11472075758059436,
      0.017303846855120864,
      0.0009352978449445922,
      0.028386710023912753,
      0,
      0.0012089514970633458,
      0.8562276984471453,
      -0.06776981216834459,
      -0.03403219708916877,
      -0.05811718932514953,
      -0.057750804221335716,
      -0.03178254883250439,
      -0.030831373649595876,
      0.06816884746806766,
      -0.01466243411570549,
      -0.026396598292035896,
      -0.013000680133207838,
      -0.05096768922396076,
      -0.035071759900205175,
      -0.011638879345275103,
      -0.03339981837725578,
      -0.024115612583777493,
      -0.057245017684151404,
      -0.057235348771730934,
      -0.030014033897812296,
      -0.03126945343789196,
      0.12801686945006388,
      0.12895649440289914,
      0.13499584943124904
    ],
    [
      0.008274391352489655,
      -0.0034384224284605743,
      0.031476765785612947,
      -0.006475649700343076,
      -0.0016409418977089633,
      0.04709378060215827,
      -0.0003906787452027808,
      -0.002449033087602603,
      0.12553329443624203,
      0.0036694305686177132,
      1.0,
      -0.007718377820434489,
      0.02637788761862429,
      0.06743077714341554,
      0.030855442980903022,
      0,
      -8.73501877118321e-05,
      0.007751159260405466,
      -0.020119857171220844,
      -0.01013718696829704,
      -0.01630890479390486,
      -0.01616103863029478,
      0.022445237891842065,
      0.022114094778416443,
      0.021126760811851802,
      -0.008317212135164568,
      -0.010392052784247144,
      -0.029502834319300283,
      -0.023997021487272556,
      -0.0020914023859338634,
      -0.0031463222862882613,
      -0.00754187956396233,
      -0.0033268957436376166,
      -0.013323221363817387,
      -0.013666934019596694,
      0.019017738585743415,
      0.01847463045249378,
      0.016833439038807477,
      0.02714443418441343,
      0.04372779935698465
    ],
    [
      -0.06568956639609747,
      -0.10019192962260362,
      -0.13843639976695765,
      0.5894616432539161,
      0.049621687229534465,
      0.2100103583073931,
      -0.011383958242132165,
      -0.07136218887054405,
      0.007558872566995108,
      0.11472075758059436,
      -0.007718377820434489,
      1.0,
      0.044819874958598564,
      0.02926868480811373,
      0.03149508801058215,
      0,
      0.00389853306238411,
      0.11772413065323713,
      -0.5401292160573582,
      -0.19921842055736155,
      -0.4917350986433634,
      -0.49030267487489115,
      -0.2870091387880352,
      -0.2832217048057263,
      0.6001058118597971,
      -0.2201410662035648,
      0.1307560739901766,
      -0.40209031934838374,
      0.6259877960935033,
      0.604611914510303,
      -0.2556936252095336,
      -0.16108059911701333,
      -0.05538064256177995,
      -0.49110327812529014,
      -0.4931031905413875,
      -0.27546390915193003,
      -0.27277117226444725,
      0.7590504816589443,
      0.8185002013788278,
      -0.014411993210396696
    ],
    [
      0.050957358844305606,
      -0.004490589757545698,
      0.03232976769305595,
      0.022450758906808647,
      -0.0014878274225409477,
      0.25138876613256333,
      -0.0005102275849462638,
      -0.0031984443819495856,
      0.08680219200786003,
      0.017303846855120864,
      0.02637788761862429,
      0.044819874958598564,
      1.0,
      0.6027302556765267,
      0.06718664893315461,
      0,
      -0.00011407960086919292,
      -0.0034760914050089293,
      -0.025451792595153636,
      -0.011872622881388356,
      -0.018153100159936705,
      -0.017969760859635937,
      -0.00970939430898022,
      -0.009754019557183415,
      0.027647313149082583,
      -0.01113433580060607,
      -0.01177775324866637,
      -0.02991636226013485,
      -0.004979261161270413,
      0.008548271283250775,
      -0.004845609051156065,
      0.0008673885875054617,
      0.013840306950684389,
      -0.016651345595949867,
      -0.015254912423238596,
      -0.009914894923567888,
      -0.0097544244245636,
      0.0360983626284374,
      0.07120149892558306,
      0.09401613358634485
    ],
    [
      0.08552195827236796,
      -0.0029324860084406555,
      0.04167629039883183,
      0.01229650892485512,
      -0.0012697062216836103,
      0.27344956640899104,
      -0.0003331934856576945,
      -0.002088677413269017,
      0.11531251586341817,
      0.0009352978449445922,
      0.06743077714341554,
      0.02926868480811373,
      0.6027302556765267,
      1.0,
      0.05178108682393292,
      0,
      -7.44973046881588e-05,
      -0.002269989012494646,
      -0.01719972804893466,
      -0.00870616610133523,
      -0.006946892970260269,
      -0.006828839729800853,
      -0.006727497869695432,
      -0.0067527932634769364,
      0.018258200378133034,
      -0.008265858332136654,
      -0.008862945150816414,
      -0.01321461164626264,
      -0.020527370376960445,
      -0.014179903836458072,
      0.005536508209272974,
      -0.004221957925714726,
      0.013253438816634855,
      -0.004333823722156921,
      -0.003183246821040973,
      -0.005671087908554203,
      -0.00496974954093842,
      0.026354963790292108,
      0.0546582136188387,
      0.1191269259998753
    ],
    [
      0.08885144359391839,
      -0.003164650686606188,
      0.0390679419556884,
      0.015833835754131314,
      -0.0003749818550124435,
      0.07971384045231326,
      -0.00035957238674773644,
      -0.002254037833761253,
      0.030791086325346422,
      0.028386710023912753,
      0.030855442980903022,
      0.03149508801058215,
      0.06718664893315461,
      0.05178108682393292,
      1.0,
      0,
      -8.039525022561393e-05,
      0.003617198447934494,
      -0.018379763914056567,
      -0.009292833965553644,
      -0.011495358725336014,
      -0.011614396714341902,
      -0.007894562781091808,
      -0.007847688929265306,
      0.018854385360471373,
      -0.007790270744142736,
      -0.006964874528836333,
      -0.00023922261443310268,
      -0.01833261387212198,
      -0.016409053377805283,
      0.0031045795237140033,
      -0.005945439275100952,
      0.0019542186384828024,
      0.004569919173677313,
      -0.00040781936321705167,
      -0.005892165555339794,
      -0.004453895048107789,
      0.04252474318771407,
      0.043905059923083814,
      0.12147492969542675
    ],
    [
      0,
      0,
      0,
      0,
      0,
      0,
      0,
      0,
      0,
      0,
      0,
      0,
      0,
      0,
      0,
      0,
      0,
      0,
      0,
      0,
      0,
      0,
      0,
      0,
      0,
      0,
      0,
      0,
      0,
      0,
      0,
      0,
      0,
      0,
      0,
      0,
      0,
      0,
      0,
      0
    ],
    [
      -0.0002906168598186908,
      -0.00039060155021774514,
      0.005551202491760896,
      0.0023697876406505148,
      -0.00018985613741485553,
      0.0020033223352734675,
      -4.438073758775168e-05,
      -0.0002782078527159118,
      -2.5800274922388332e-05,
      0.0012089514970633458,
      -8.73501877118321e-05,
      0.00389853306238411,
      -0.00011407960086919292,
      -7.44973046881588e-05,
      -8.039525022561393e-05,
      0,
      1.0,
      -0.00030235821235143995,
      -0.0022915008612727026,
      -0.0011604785251037395,
      -0.0020100616473639967,
      -0.0019930820902449237,
      -0.001179587662440959,
      -0.0011801392792192525,
      0.0024319575102347423,
      -0.00110099658416783,
      -0.0011805274110224377,
      0.0023132415611805024,
      -0.002776334182553217,
      -0.0031647993571653522,
      0.008329098781441538,
      -0.0015118918082950336,
      -0.0009116763430585826,
      0.0020865599712036756,
      -0.0007697625942883474,
      -0.0012196443253131985,
      -0.0005947038723291223,
      0.002128802261810641,
      0.005225315107346972,
      0.007771988580892587
    ],
    [
      0.0003853248545281062,
      -0.011901923579238544,
      -0.07136538894081126,
      0.07003719098555954,
      -0.005139599182479801,
      0.006742825041337881,
      -0.0013523145181199593,
      -0.008477202920272004,
      -0.0007861538190987926,
      0.8562276984471453,
      0.007751159260405466,
      0.11772413065323713,
      -0.0034760914050089293,
      -0.002269989012494646,
      0.003617198447934494,
      0,
      -0.00030235821235143995,
      1.0,
      -0.06977083085225712,
      -0.03533193527251275,
      -0.05914634634933966,
      -0.05863139823961346,
      -0.03496641127163727,
      -0.03499292501070211,
      0.06965297317344624,
      -0.013567907785327732,
      -0.03155648321445208,
      -0.015402267562816506,
      -0.0659391564751865,
      -0.05408022990208905,
      -0.005910490103988819,
      -0.03496703018784307,
      -0.02409849689621365,
      -0.05973686924876047,
      -0.05953087791226361,
      -0.029960392502691866,
      -0.032696651496283285,
      0.10938203090388916,
      0.12305373609728734,
      0.16670896895508164
    ],
    [
      -0.07989758873070643,
      -0.05860245358236803,
      0.098079403591311,
      -0.4706950357048964,
      -0.04376847055762518,
      -0.12516723969571858,
      -0.009762116729103444,
      -0.02124274935750156,
      -0.005958072511236426,
      -0.06776981216834459,
      -0.020119857171220844,
      -0.5401292160573582,
      -0.025451792595153636,
      -0.01719972804893466,
      -0.018379763914056567,
      0,
      -0.0022915008612727026,
      -0.06977083085225712,
      1.0,
      0.47212420454215775,
      0.45867289803424344,
      0.4533780744860624,
      0.1595024745722619,
      0.16202964781349058,
      -0.6281530957211519,
      0.21721158290161374,
      -0.26387062049651117,
      0.46899249790014086,
      -0.3971238864271753,
      -0.4752415452090762,
      0.16313792963366905,
      -0.13955449743580406,
      -0.20623152764133984,
      0.46019081040921556,
      0.46218386282173335,
      0.1766032111287221,
      0.16655720540309935,
      -0.4731973852532214,
      -0.4981468328065656,
      -0.15496361487592797
    ],
    [
      -0.03982993100002252,
      0.035906369133785906,
      -0.26089817181996683,
      0.19760961532465746,
      -0.02081393928746781,
      -0.04893756596967168,
      -0.005025478579367943,
      0.02385247593540388,
      -0.0030173303956170603,
      -0.03403219708916877,
      -0.01013718696829704,
      -0.19921842055736155,
      -0.011872622881388356,
      -0.00870616610133523,
      -0.009292833965553644,
      0,
      -0.0011604785251037395,
      -0.03533193527251275,
      0.47212420454215775,
      1.0,
      -0.14866087260380303,
      -0.14769589023280724,
      -0.1135003362777264,
      -0.113787561888107,
      0.19089601906145398,
      -0.10851815042397366,
      -0.07752391202333209,
      0.14939083376147036,
      0.2007284010272321,
      0.18007269551382318,
      -0.10605114855240186,
      0.15730117533144808,
      -0.059486269844562414,
      -0.14615312210365924,
      -0.14532859370940268,
      -0.1011214021961852,
      -0.11288508568505345,
      0.15654318179806231,
      -0.04774756966548267,
      -0.07929634897025875
    ],
    [
      -0.07063648310617494,
      -0.07644476287535457,
      0.2751927597469438,
      -0.45146381862166235,
      -0.036385658084319664,
      -0.10015243727415961,
      0.021488855148095797,
      -0.043476726448770944,
      -0.00522630964249282,
      -0.05811718932514953,
      -0.01630890479390486,
      -0.4917350986433634,
      -0.018153100159936705,
      -0.006946892970260269,
      -0.011495358725336014,
      0,
      -0.0020100616473639967,
      -0.05914634634933966,
      0.45867289803424344,
      -0.14866087260380303,
      1.0,
      0.9934454236522386,
      -0.22811732683195562,
      -0.22770623832141068,
      -0.7619008636543734,
      0.05153627991501815,
      -0.22421837633377628,
      0.39586808917158695,
      -0.5579870787130081,
      -0.6231781629377675,
      -0.01791527898364593,
      -0.27626420602534174,
      -0.17297293088163693,
      0.9793159578425035,
      0.9810291788539359,
      -0.23226161755481572,
      -0.22705944804138484,
      -0.6652245913285841,
      -0.5318006837516739,
      -0.13886909300268743
    ],
    [
      -0.07022202554173183,
      -0.07845499065747974,
      0.272547559665319,
      -0.44676425520991814,
      -0.03599494656393506,
      -0.10093001009096277,
      0.022584745840404794,
      -0.05587994843721281,
      -0.005182161532302706,
      -0.057750804221335716,
      -0.01616103863029478,
      -0.49030267487489115,
      -0.017969760859635937,
      -0.006828839729800853,
      -0.011614396714341902,
      0,
      -0.0019930820902449237,
      -0.05863139823961346,
      0.4533780744860624,
      -0.14769589023280724,
      0.9934454236522386,
      1.0,
      -0.22851431294682267,
      -0.2348993238567413,
      -0.7569403818338705,
      0.04475735835312718,
      -0.22593175308833965,
      0.39390875040955353,
      -0.5553295026812236,
      -0.6196365184892336,
      -0.028360915244644794,
      -0.2754570673264122,
      -0.1712510596254546,
      0.9778565378471052,
      0.9862097328639002,
      -0.23553296532150472,
      -0.23354660956031914,
      -0.663947218744842,
      -0.5288057054920149,
      -0.13839396049120292
    ],
    [
      0.20288421200798956,
      -0.046342134023406145,
      0.14764766322109632,
      -0.7390215868289252,
      -0.01904012911504173,
      -0.06070913162750327,
      -0.0038032494658750706,
      -0.03263736361228724,
      -0.0030670155726145866,
      -0.03178254883250439,
      0.022445237891842065,
      -0.2870091387880352,
      -0.00970939430898022,
      -0.006727497869695432,
      -0.007894562781091808,
      0,
      -0.001179587662440959,
      -0.03496641127163727,
      0.1595024745722619,
      -0.1135003362777264,
      -0.22811732683195562,
      -0.22851431294682267,
      1.0,
      0.9894244615303205,
      -0.21074979482469536,
      0.2664556509132744,
      -0.07574040927395265,
      0.0697872611334863,
      -0.251907262787785,
      -0.25759796375822724,
      0.3729808620381458,
      0.03313634846715514,
      0.0318373808554039,
      -0.2267816426698208,
      -0.2257125905216486,
      0.9271652256776978,
      0.9652486758235443,
      -0.3777576879685053,
      -0.3053364168379077,
      0.12720566295526725
    ],
    [
      0.20196103688337816,
      -0.046454592401807736,
      0.1471110162412,
      -0.7397071440437378,
      -0.018361710297913617,
      -0.05876992388526951,
      -0.005278240892749042,
      -0.03308750923721181,
      -0.003068449817226543,
      -0.030831373649595876,
      0.022114094778416443,
      -0.2832217048057263,
      -0.009754019557183415,
      -0.0067527932634769364,
      -0.007847688929265306,
      0,
      -0.0011801392792192525,
      -0.03499292501070211,
      0.16202964781349058,
      -0.113787561888107,
      -0.22770623832141068,
      -0.2348993238567413,
      0.9894244615303205,
      1.0,
      -0.21090032223263885,
      0.2749642641965921,
      -0.07345249417485476,
      0.07246156665929632,
      -0.25058476520134554,
      -0.25573480085704975,
      0.3780737143980259,
      0.03043594683488141,
      0.028873811661424536,
      -0.22705564320470886,
      -0.23124793241553102,
      0.9187543002242426,
      0.9708938317347394,
      -0.3713674516778407,
      -0.2994747252125156,
      0.12656267802163182
    ],
    [
      0.07571033589682115,
      0.04625586458946495,
      -0.3684732786869867,
      0.7181254471319549,
      0.0442301951992241,
      0.13947110275132316,
      0.008218030060119856,
      0.054773058831085984,
      0.006323270235288858,
      0.06816884746806766,
      0.021126760811851802,
      0.6001058118597971,
      0.027647313149082583,
      0.018258200378133034,
      0.018854385360471373,
      0,
      0.0024319575102347423,
      0.06965297317344624,
      -0.6281530957211519,
      0.19089601906145398,
      -0.7619008636543734,
      -0.7569403818338705,
      -0.21074979482469536,
      -0.21090032223263885,
      1.0,
      -0.37579393434346847,
      0.27819771912304114,
      -0.5110298734164065,
      0.7059195652820177,
      0.7898374696462688,
      -0.164989718965867,
      0.2812728754581568,
      0.21680857838816545,
      -0.7606646653365389,
      -0.7655871292151615,
      -0.2149395743530931,
      -0.21488553682750255,
      0.7651348281043843,
      0.6427414555824101,
      0.13264629106954914
    ],
    [
      -0.014867202951121646,
      0.013612156735206413,
      0.2102941373587734,
      -0.2953174032335787,
      -0.00848360228869484,
      -0.05745263882962356,
      -0.0006998915891549249,
      -0.026469381099748848,
      -0.0028626729293273066,
      -0.01466243411570549,
      -0.008317212135164568,
      -0.2201410662035648,
      -0.01113433580060607,
      -0.008265858332136654,
      -0.007790270744142736,
      0,
      -0.00110099658416783,
      -0.013567907785327732,
      0.21721158290161374,
      -0.10851815042397366,
      0.05153627991501815,
      0.04475735835312718,
      0.2664556509132744,
      0.2749642641965921,
      -0.37579393434346847,
      1.0,
      -0.10267323408835846,
      0.19107194948516273,
      -0.30053518341827146,
      -0.33099761444817677,
      0.491273401960063,
      -0.011729594737633199,
      -0.08579751567436775,
      0.05085703381628594,
      0.047134975322263885,
      0.22132445727964228,
      0.27720956913556155,
      -0.21796662025723737,
      -0.23249896630118821,
      0.013012201337813552
    ],
    [
      -0.04077094896013548,
      -0.23443700777279466,
      -0.09084728058619301,
      0.2132221485272596,
      -0.009611921148048262,
      -0.003733628567544552,
      0.040790749365921024,
      -0.025389883194894772,
      -0.0030694589887552714,
      -0.026396598292035896,
      -0.010392052784247144,
      0.1307560739901766,
      -0.01177775324866637,
      -0.008862945150816414,
      -0.006964874528836333,
      0,
      -0.0011805274110224377,
      -0.03155648321445208,
      -0.26387062049651117,
      -0.07752391202333209,
      -0.22421837633377628,
      -0.22593175308833965,
      -0.07574040927395265,
      -0.07345249417485476,
      0.27819771912304114,
      -0.10267323408835846,
      1.0,
      -0.359919931388777,
      0.15381018839492297,
      0.29141776159500515,
      -0.11903999984858726,
      0.24679745091663097,
      0.37999393803867504,
      -0.2271011764022663,
      -0.22718294117496157,
      -0.07605785504567612,
      -0.08152085765032359,
      0.16791826896293208,
      0.09504828472025721,
      -0.02650673466234117
    ],
    [
      0.05180875528982701,
      0.2358298759554873,
      0.19371326627981433,
      -0.31837240408873085,
      -0.042628852821041695,
      -0.11371123387073334,
      -0.025548450489591198,
      0.039798633968504075,
      -0.006765604255867028,
      -0.013000680133207838,
      -0.029502834319300283,
      -0.40209031934838374,
      -0.02991636226013485,
      -0.01321461164626264,
      -0.00023922261443310268,
      0,
      0.0023132415611805024,
      -0.015402267562816506,
      0.46899249790014086,
      0.14939083376147036,
      0.39586808917158695,
      0.39390875040955353,
      0.0697872611334863,
      0.07246156665929632,
      -0.5110298734164065,
      0.19107194948516273,
      -0.359919931388777,
      1.0,
      -0.30383256766156436,
      -0.5194887319230536,
      0.14483320303932498,
      -0.3143481306251876,
      -0.4563687141884036,
      0.41154426178663794,
      0.4083919208269481,
      0.07275393913354486,
      0.06883458437046093,
      -0.3655578853636011,
      -0.32607410615378324,
      0.032107973242730944
    ],
    [
      -0.11107057129133252,
      0.10406349134004879,
      -0.40643991253820677,
      0.5839239719857008,
      -0.02920120422716213,
      0.12926002995861385,
      -0.01412237415497512,
      -0.04429942663490828,
      -0.008390839389503267,
      -0.05096768922396076,
      -0.023997021487272556,
      0.6259877960935033,
      -0.004979261161270413,
      -0.020527370376960445,
      -0.01833261387212198,
      0,
      -0.002776334182553217,
      -0.0659391564751865,
      -0.3971238864271753,
      0.2007284010272321,
      -0.5579870787130081,
      -0.5553295026812236,
      -0.251907262787785,
      -0.25058476520134554,
      0.7059195652820177,
      -0.30053518341827146,
      0.15381018839492297,
      -0.30383256766156436,
      1.0,
      0.8962024818479576,
      -0.39011372253257204,
      -0.06876899131878988,
      -0.004199317069245386,
      -0.5726915240352748,
      -0.5676645134840048,
      -0.2506476712942568,
      -0.2536149864187058,
      0.6063046919710404,
      0.741278352800075,
      -0.1653269281261709
    ],
    [
      -0.11742559734171483,
      0.0012204719971689218,
      -0.4522075107240367,
      0.6307635972813439,
      -0.008096583805234349,
      0.13271368848299586,
      0.01219761848202454,
      -0.04738684916751494,
      -0.005787667064654087,
      -0.035071759900205175,
      -0.0020914023859338634,
      0.604611914510303,
      0.008548271283250775,
      -0.014179903836458072,
      -0.016409053377805283,
      0,
      -0.0031647993571653522,
      -0.05408022990208905,
      -0.4752415452090762,
      0.18007269551382318,
      -0.6231781629377675,
      -0.6196365184892336,
      -0.25759796375822724,
      -0.25573480085704975,
      0.7898374696462688,
      -0.33099761444817677,
      0.29141776159500515,
      -0.5194887319230536,
      0.8962024818479576,
      1.0,
      -0.4191261081425688,
      0.13683492949910617,
      0.20167537687005696,
      -0.6395703772213233,
      -0.6323454659467268,
      -0.25663291560038265,
      -0.2582099617178125,
      0.6428592547793768,
      0.6969238264404665,
      -0.15496249078789115
    ],
    [
      0.2608096927176879,
      0.13234080582738456,
      0.28317684374434815,
      -0.28207226740984825,
      -0.000706506122109043,
      -0.05514431176661234,
      -0.004837717802348893,
      0.057609437008959756,
      0.008125852296346922,
      -0.011638879345275103,
      -0.0031463222862882613,
      -0.2556936252095336,
      -0.004845609051156065,
      0.005536508209272974,
      0.0031045795237140033,
      0,
      0.008329098781441538,
      -0.005910490103988819,
      0.16313792963366905,
      -0.10605114855240186,
      -0.01791527898364593,
      -0.028360915244644794,
      0.3729808620381458,
      0.3780737143980259,
      -0.164989718965867,
      0.491273401960063,
      -0.11903999984858726,
      0.14483320303932498,
      -0.39011372253257204,
      -0.4191261081425688,
      1.0,
      0.23438268544065546,
      0.011873122333463134,
      -0.01741597007733573,
      -0.025976323836295574,
      0.405008667966498,
      0.38279958378573564,
      -0.2238740965163035,
      -0.24911186422688722,
      0.36896351762879764
    ],
    [
      0.23385216490293687,
      -0.21154729449262719,
      -0.11152454072583536,
      0.19511870201146203,
      0.046068314991982426,
      -0.03148471100778635,
      0.03471598555911685,
      0.037681514695889005,
      0.0013888690877385363,
      -0.03339981837725578,
      -0.00754187956396233,
      -0.16108059911701333,
      0.0008673885875054617,
      -0.004221957925714726,
      -0.005945439275100952,
      0,
      -0.0015118918082950336,
      -0.03496703018784307,
      -0.13955449743580406,
      0.15730117533144808,
      -0.27626420602534174,
      -0.2754570673264122,
      0.03313634846715514,
      0.03043594683488141,
      0.2812728754581568,
      -0.011729594737633199,
      0.24679745091663097,
      -0.3143481306251876,
      -0.06876899131878988,
      0.13683492949910617,
      0.23438268544065546,
      1.0,
      0.4078676227627196,
      -0.2790756292283616,
      -0.27724125537142175,
      0.038778237077004014,
      0.02825172584988552,
      0.1038089097666243,
      -0.21227885022453846,
      0.3011877732011557
    ],
    [
      -0.026722294230883625,
      -0.3575891909924895,
      -0.15801258913109256,
      0.07606147316364915,
      0.0004729308340428342,
      -0.000866271703944646,
      0.07864292316156733,
      -0.015704431608267084,
      0.0017272419672124876,
      -0.024115612583777493,
      -0.0033268957436376166,
      -0.05538064256177995,
      0.013840306950684389,
      0.013253438816634855,
      0.0019542186384828024,
      0,
      -0.0009116763430585826,
      -0.02409849689621365,
      -0.20623152764133984,
      -0.059486269844562414,
      -0.17297293088163693,
      -0.1712510596254546,
      0.0318373808554039,
      0.028873811661424536,
      0.21680857838816545,
      -0.08579751567436775,
      0.37999393803867504,
      -0.4563687141884036,
      -0.004199317069245386,
      0.20167537687005696,
      0.011873122333463134,
      0.4078676227627196,
      1.0,
      -0.1748281484212058,
      -0.17333895442498537,
      0.0370877498535379,
      0.03779888781174588,
      -0.02179655788064266,
      -0.08138014907228898,
      -0.03067743314017546
    ],
    [
      -0.06577410611966314,
      -0.07911583286240978,
      0.28085559138660865,
      -0.44325833795446073,
      -0.03740721926184564,
      -0.10359147939916435,
      0.020567704158409483,
      -0.05136699455728622,
      -0.005019699795632342,
      -0.057245017684151404,
      -0.013323221363817387,
      -0.49110327812529014,
      -0.016651345595949867,
      -0.004333823722156921,
      0.004569919173677313,
      0,
      0.0020865599712036756,
      -0.05973686924876047,
      0.46019081040921556,
      -0.14615312210365924,
      0.9793159578425035,
      0.9778565378471052,
      -0.2267816426698208,
      -0.22705564320470886,
      -0.7606646653365389,
      0.05085703381628594,
      -0.2271011764022663,
      0.41154426178663794,
      -0.5726915240352748,
      -0.6395703772213233,
      -0.01741597007733573,
      -0.2790756292283616,
      -0.1748281484212058,
      1.0,
      0.985199000940055,
      -0.23586821205833947,
      -0.22840448576932715,
      -0.6579819047873595,
      -0.5339232174383092,
      -0.12678810319493006
    ],
    [
      -0.06512563637070018,
      -0.0775760271699995,
      0.276795544985247,
      -0.44296791290745396,
      -0.03735044286750913,
      -0.10416825040699962,
      0.013114044325636233,
      -0.055253902420929736,
      -0.005124103647967383,
      -0.057235348771730934,
      -0.013666934019596694,
      -0.4931031905413875,
      -0.015254912423238596,
      -0.003183246821040973,
      -0.00040781936321705167,
      0,
      -0.0007697625942883474,
      -0.05953087791226361,
      0.46218386282173335,
      -0.14532859370940268,
      0.9810291788539359,
      0.9862097328639002,
      -0.2257125905216486,
      -0.23124793241553102,
      -0.7655871292151615,
      0.047134975322263885,
      -0.22718294117496157,
      0.4083919208269481,
      -0.5676645134840048,
      -0.6323454659467268,
      -0.025976323836295574,
      -0.27724125537142175,
      -0.17333895442498537,
      0.985199000940055,
      1.0,
      -0.23498814735253765,
      -0.23327135787631428,
      -0.6634090287993007,
      -0.5319155959661725,
      -0.1267325776114445
    ],
    [
      0.17747729879816487,
      -0.016028194857161407,
      0.15014830751404212,
      -0.683749721017432,
      -0.02021590949034535,
      -0.06033706789019056,
      -0.00531708805907426,
      0.026874405266476668,
      -0.003171165872526956,
      -0.030014033897812296,
      0.019017738585743415,
      -0.27546390915193003,
      -0.009914894923567888,
      -0.005671087908554203,
      -0.005892165555339794,
      0,
      -0.0012196443253131985,
      -0.029960392502691866,
      0.1766032111287221,
      -0.1011214021961852,
      -0.23226161755481572,
      -0.23553296532150472,
      0.9271652256776978,
      0.9187543002242426,
      -0.2149395743530931,
      0.22132445727964228,
      -0.07605785504567612,
      0.07275393913354486,
      -0.2506476712942568,
      -0.25663291560038265,
      0.405008667966498,
      0.038778237077004014,
      0.0370877498535379,
      -0.23586821205833947,
      -0.23498814735253765,
      1.0,
      0.9248917154964922,
      -0.3567282607407314,
      -0.30005360708274936,
      0.10773841725064223
    ],
    [
      0.20180374823205802,
      -0.04667782371708133,
      0.1486926403654985,
      -0.7187067991920513,
      -0.01933366339283663,
      -0.05424944003685523,
      -0.0053036047716659325,
      -0.033246506826561724,
      -0.0030831948414132984,
      -0.03126945343789196,
      0.01847463045249378,
      -0.27277117226444725,
      -0.0097544244245636,
      -0.00496974954093842,
      -0.004453895048107789,
      0,
      -0.0005947038723291223,
